1.00284 1.00231 0.999958 45.3006 34.0685 0 1.00284 1.00231 0.99996 45.3006 33.727 -0.0311027 
1.01415 1.0115 0.999791 178.531 134.303 0 1.01415 1.01152 0.999856 178.531 127.752 -0.579671 
1.03654 1.02942 0.999475 391.385 290.344 0 1.03654 1.02953 0.999912 391.385 255.421 -3.12739 
1.06951 1.05508 0.999049 671.203 488.476 0 1.06951 1.05548 1.00064 671.203 383.933 -9.37749 
1.11227 1.08737 0.998543 1002.7 717.567 0 1.11227 1.08843 1.00266 1002.7 489.088 -19.421 
1.16371 1.12509 0.997977 1368.79 965.152 0 1.16371 1.12737 1.00644 1368.79 556.738 -30.9412 
1.22217 1.16665 0.997376 1751.96 1218.24 0 1.22217 1.1709 1.01211 1751.96 584.371 -40.3725 
1.28552 1.21015 0.996767 2135.74 1465.07 0 1.28552 1.21723 1.01944 2135.74 578.669 -45.0011 
1.35129 1.25366 0.996177 2505.76 1696.23 0 1.35129 1.26447 1.02788 2505.76 550.567 -44.277 
1.41686 1.2954 0.995625 2850.57 1905.15 0 1.41686 1.31074 1.03673 2850.57 510.909 -39.51 
1.4798 1.33393 0.995126 3162.02 2088.13 0 1.4798 1.35439 1.04539 3162.02 468.056 -32.6835 
1.53806 1.36829 0.994689 3435.26 2243.91 0 1.53806 1.39418 1.05339 3435.26 427.32 -25.4765 
1.59018 1.39796 0.994317 3668.46 2373.13 0 1.59018 1.42927 1.06046 3668.46 391.446 -18.9071 
1.63529 1.42284 0.994009 3862.33 2477.74 0 1.63529 1.45927 1.06647 3862.33 361.413 -13.4076 
1.67316 1.44313 0.993761 4019.44 2560.47 0 1.67316 1.48416 1.07145 4019.44 337.164 -9.0417 
1.70401 1.45924 0.993566 4143.68 2624.43 0 1.70401 1.50425 1.07545 4143.68 318.124 -5.69369 
1.72845 1.47173 0.993416 4239.58 2672.78 0 1.72845 1.52002 1.07859 4239.58 303.515 -3.18733 
1.7473 1.48116 0.993304 4311.88 2708.52 0 1.7473 1.53207 1.081 4311.88 292.535 -1.34528 
1.76146 1.48812 0.993222 4365.14 2734.36 0 1.76146 1.54106 1.08281 4365.14 284.441 -0.0128529 
1.77184 1.49315 0.993164 4403.49 2752.64 0 1.77184 1.54759 1.08413 4403.49 278.588 0.93627 
1.77927 1.49669 0.993123 4430.49 2765.29 0 1.77927 1.55223 1.08509 4430.49 274.437 1.60181 
1.78445 1.49912 0.993096 4449.07 2773.84 0 1.78445 1.55544 1.08576 4449.07 271.55 2.06071 
1.78799 1.50077 0.993078 4461.58 2779.51 0 1.78799 1.55762 1.08622 4461.58 269.581 2.37162 
1.79036 1.50185 0.993066 4469.83 2783.17 0 1.79036 1.55907 1.08653 4469.83 268.266 2.57832 
1.7919 1.50255 0.993058 4475.14 2785.49 0 1.7919 1.56 1.08673 4475.14 267.405 2.71313 
1.79289 1.50299 0.993054 4478.49 2786.93 0 1.79289 1.56059 1.08687 4478.49 266.854 2.79928 
1.7935 1.50326 0.993051 4480.56 2787.8 0 1.7935 1.56096 1.08695 4480.56 266.509 2.85324 
1.79388 1.50342 0.993049 4481.81 2788.32 0 1.79388 1.56118 1.087 4481.81 266.296 2.88635 
1.79411 1.50352 0.993048 4482.54 2788.61 0 1.79411 1.56131 1.08703 4482.54 266.168 2.90623 
1.79424 1.50357 0.993048 4482.97 2788.78 0 1.79424 1.56139 1.08705 4482.97 266.093 2.91793 
1.79431 1.50361 0.993048 4483.21 2788.88 0 1.79431 1.56143 1.08706 4483.21 266.05 2.92466 
1.79436 1.50362 0.993047 4483.35 2788.93 0 1.79436 1.56146 1.08707 4483.35 266.025 2.92849 
1.79438 1.50363 0.993047 4483.42 2788.96 0 1.79438 1.56147 1.08707 4483.42 266.011 2.93058 
1.79439 1.50364 0.993047 4483.46 2788.97 0 1.79439 1.56148 1.08707 4483.46 266.004 2.93171 
1.7944 1.50364 0.993047 4483.48 2788.98 0 1.7944 1.56148 1.08707 4483.48 266 2.9323 
1.7944 1.50364 0.993047 4483.49 2788.98 0 1.7944 1.56149 1.08707 4483.49 265.998 2.93259 
1.7944 1.50364 0.993047 4483.5 2788.98 0 1.7944 1.56149 1.08707 4483.5 265.997 2.93278 
1.79441 1.50364 0.993047 4483.5 2788.98 0 1.79441 1.56149 1.08707 4483.5 265.996 2.93288 
1.79441 1.50364 0.993047 4483.5 2788.98 0 1.79441 1.56149 1.08707 4483.5 265.996 2.93291 
1.79441 1.50364 0.993047 4483.5 2788.98 0 1.79441 1.56149 1.08707 4483.5 265.996 2.93294 
1.06629 1.02427 0.999758 1228.58 343.97 0 1.06629 1.02429 0.999954 1228.58 308.001 -2.47564 
1.49161 1.1576 0.998215 6178.63 1728.8 0 1.49161 1.16024 1.00539 6178.63 837.569 -30.3675 
1 1 1 -1.37072e-08 -1.57726e-07 6.90332e-08 1 1 1 -1.37072e-08 -1.57726e-07 6.90332e-08 
1 1 1 3.62786e-08 4.82059e-07 -2.0908e-07 1 1 1 3.62786e-08 4.82059e-07 -2.0908e-07 
1 1 1 -5.93199e-08 -8.16121e-07 3.48377e-07 1 1 1 -5.93199e-08 -8.16121e-07 3.48377e-07 
1 1 1 8.28948e-08 1.13589e-06 -4.88497e-07 1 1 1 8.28948e-08 1.13589e-06 -4.88497e-07 
1 1 1 -1.063e-07 -1.4601e-06 6.27399e-07 1 1 1 -1.063e-07 -1.4601e-06 6.27399e-07 
1 1 1 1.29528e-07 1.78173e-06 -7.68159e-07 1 1 1 1.29528e-07 1.78173e-06 -7.68159e-07 
1 1 1 -1.53214e-07 -2.10653e-06 9.0597e-07 1 1 1 -1.53214e-07 -2.10653e-06 9.0597e-07 
1 1 1 1.76203e-07 2.42729e-06 -1.04816e-06 1 1 1 1.76203e-07 2.42729e-06 -1.04816e-06 
1 1 1 -2.00128e-07 -2.75312e-06 1.18432e-06 1 1 1 -2.00128e-07 -2.75312e-06 1.18432e-06 
1 1 1 2.22847e-07 3.07247e-06 -1.32833e-06 1 1 1 2.22847e-07 3.07247e-06 -1.32833e-06 
1 1 1 -2.47098e-07 -3.40022e-06 1.46251e-06 1 1 1 -2.47098e-07 -3.40022e-06 1.46251e-06 
1 1 1 2.69413e-07 3.71704e-06 -1.6087e-06 1 1 1 2.69413e-07 3.71704e-06 -1.6087e-06 
1 1 1 -2.94168e-07 -4.04805e-06 1.74044e-06 1 1 1 -2.94168e-07 -4.04805e-06 1.74044e-06 
1 1 1 3.15856e-07 4.36073e-06 -1.88942e-06 1 1 1 3.15856e-07 4.36073e-06 -1.88942e-06 
1 1 1 -3.41389e-07 -4.69694e-06 2.01791e-06 1 1 1 -3.41389e-07 -4.69694e-06 2.01791e-06 
1 1 1 3.62112e-07 5.0031e-06 -2.17074e-06 1 1 1 3.62112e-07 5.0031e-06 -2.17074e-06 
1 1 1 -3.88842e-07 -5.34751e-06 2.29457e-06 1 1 1 -3.88842e-07 -5.34751e-06 2.29457e-06 
1 1 1 4.0808e-07 5.64335e-06 -2.45313e-06 1 1 1 4.0808e-07 5.64335e-06 -2.45313e-06 
1 1 1 -4.36653e-07 -6.00074e-06 2.56985e-06 1 1 1 -4.36653e-07 -6.00074e-06 2.56985e-06 
1 1 1 4.53602e-07 6.28026e-06 -2.73728e-06 1 1 1 4.53602e-07 6.28026e-06 -2.73728e-06 
1 1 1 -1.23365e-07 -1.41953e-06 6.21298e-07 1 1 1 -1.23365e-07 -1.41953e-06 6.21298e-07 
1 1 1 3.26507e-07 4.33854e-06 -1.88172e-06 1 1 1 3.26507e-07 4.33854e-06 -1.88172e-06 
1 1 1 -5.33879e-07 -7.34509e-06 3.13539e-06 1 1 1 -5.33879e-07 -7.34509e-06 3.13539e-06 
1 1 1 7.46052e-07 1.0223e-05 -4.39647e-06 1 1 1 7.46052e-07 1.0223e-05 -4.39647e-06 
0.386547 0.732955 0.394851 -114.289 -1942.62 752.898 0.386547 0.722898 0 -114.289 -10.4729 0 
-0.042156 0.593189 -0.107768 -36.2551 -846.453 326.329 0.0833608 0.583216 0 -1.6486 -54.6381 0 
-0.0688433 0.651112 -0.0989109 0.00122549 173.014 -0.979788 0.132057 0.596354 0 2.08691 9.17193 0 
0.269956 0.849567 0.272213 56.8921 884.78 -468.898 0.269956 0.833884 0 56.8921 -0.180815 0 
0.943328 1.11884 0.89568 105.582 1209.79 -545.849 0.943328 1.11742 0.89568 105.582 991.75 -545.849 
1.39165 1.25718 1.31499 71.0148 524.198 -237.855 1.39165 1.25078 0 71.0148 154.032 0 
1.59774 1.24491 1.54062 33.1337 -31.358 -61.6367 1.59774 1.27193 0 33.1337 -11.9665 0 
1.60038 1.19404 1.5812 0.498182 -207.779 -0.476277 1.60038 1.23439 0 0.498182 -30.4546 0 
1.41862 1.08852 1.44161 -37.4702 -677.353 133.605 1.41862 1.11764 0 -37.4702 -188.545 0 
1.04223 0.891333 1.09713 -88.7826 -1585.8 487.174 1.04223 0.89441 1.09713 -88.7826 -1324.62 487.174 
0.999492 1.00182 0.998629 25.9178 33.7258 -0.79923 0.999492 1.00182 0.998629 25.9178 33.5086 -0.79923 
0.997873 1.00766 0.994237 83.78 107.838 -2.54937 0.997873 1.00767 0.994237 83.78 104.943 -2.54937 
0.996063 1.01382 0.989204 128.498 144.425 -2.82328 0.996063 1.01382 0.989204 128.498 137.44 -2.82328 
0.995472 1.01456 0.98726 139.099 115.261 -0.850637 0.995472 1.01457 0.98726 139.099 109.212 -0.850637 
0.99571 1.01204 0.987637 139.341 91.8342 0.545101 0.99571 1.01204 0.987637 139.341 87.6602 0.545101 
0.99563 1.01189 0.987416 147.43 111.167 0.0449277 0.99563 1.01189 0.987416 147.43 106.179 0.0449277 
0.995263 1.01369 0.986495 153.023 126.811 -0.471526 0.995263 1.01369 0.986495 153.023 120.405 -0.471526 
0.995263 1.01374 0.986461 148.654 112.151 0.0974852 0.995263 1.01374 0.986461 148.654 106.445 0.0974852 
0.995517 1.01241 0.987089 144.92 100.695 0.533849 0.995517 1.0124 0.987089 144.92 95.9885 0.533849 
0.995512 1.01237 0.987102 148.189 111.52 0.127257 0.995512 1.01237 0.987102 148.189 106.337 0.127257 
1 1 1 1.58231e-12 1.29184e-12 1.39066e-12 1 1 1 1.58231e-12 1.29184e-12 1.39066e-12 
1 1 1 -3.36902e-13 -8.57107e-13 -9.78457e-13 1 1 1 -3.36902e-13 -8.57107e-13 -9.78457e-13 
1 1 1 4.61637e-13 -2.48199e-13 -1.97331e-13 1 1 1 4.61637e-13 -2.48199e-13 -1.97331e-13 
1 1 1 8.64227e-12 4.32456e-320 4.32456e-320 1 1 1 8.64227e-12 2.91444e-28 -4.50273e-28 
1 1 1 -8.4745e-12 2.16648e-320 2.16648e-320 1 1 1 -8.4745e-12 -4.09876e-28 9.37789e-27 
1 1 1 -5.71829e-12 1.74405e-321 1.74405e-321 1 1 1 -5.71829e-12 -2.23313e-28 8.26815e-27 
1 1 1 -3.06533e-12 1.9812e-321 1.9812e-321 1 1 1 -3.06533e-12 1.55143e-28 1.02137e-27 
1 1 1 8.78255e-12 1.74405e-321 1.74405e-321 1 1 1 8.78255e-12 0 -2.74163e-27 
1 1 1 6.69933e-12 9.53547e-322 9.53547e-322 1 1 1 6.69933e-12 6.85563e-28 1.50336e-27 
1 1 1 -1.74764e-12 2.16648e-320 2.16648e-320 1 1 1 -1.74764e-12 6.49482e-28 -3.43961e-27 
1 1 1 4.07155e-12 9.53547e-322 9.53547e-322 1 1 1 4.07155e-12 -3.17591e-28 -1.97444e-28 
1 1 1 3.02303e-12 1.9812e-321 1.9812e-321 1 1 1 3.02303e-12 1.48252e-28 2.19005e-27 
1 1 1 3.53466e-12 3.21143e-322 3.21143e-322 1 1 1 3.53466e-12 -2.03523e-28 -2.35404e-27 
1 1 1 6.25491e-12 3.21143e-322 3.21143e-322 1 1 1 6.25491e-12 2.01316e-28 5.70173e-27 
1 1 1 3.62856e-12 4.32456e-320 4.32456e-320 1 1 1 3.62856e-12 -2.76837e-28 -4.59992e-27 
1 1 1 6.15338e-12 4.79244e-322 4.79244e-322 1 1 1 6.15338e-12 -6.90648e-29 9.29468e-27 
1 1 1 6.4691e-12 1.9812e-321 1.9812e-321 1 1 1 6.4691e-12 4.65424e-28 -3.81238e-27 
1 1 1 1.41758e-12 2.53456e-321 2.53456e-321 1 1 1 1.41758e-12 -1.38487e-27 -3.3946e-27 
1 1 1 -1.08697e-12 2.16648e-320 2.16648e-320 1 1 1 -1.08697e-12 -8.84405e-28 -4.87643e-27 
1 1 1 4.53183e-12 2.16648e-320 2.16648e-320 1 1 1 4.53183e-12 -4.62473e-29 3.46021e-27 
1 1 1 3.57222e-12 2.16648e-320 2.16648e-320 1 1 1 3.57222e-12 -7.08729e-28 8.17128e-27 
1 1 1 3.3096e-13 9.53547e-322 9.53547e-322 1 1 1 3.3096e-13 -8.82201e-28 2.80755e-26 
1 1 1 -6.2398e-13 4.32456e-320 4.32456e-320 1 1 1 -6.2398e-13 -3.61563e-28 6.96101e-26 
1.00043 1.01684 1.00778 275.419 4.32456e-320 4.32456e-320 1.00043 1.01684 1.00785 275.419 0.400132 0.458576 
1.00082 1.0339 1.01537 275.94 2.53456e-321 2.53456e-321 1.00082 1.03387 1.01563 275.94 0.808677 0.846233 
1.00063 1.02657 1.01418 188.094 3.21143e-322 3.21143e-322 1.00063 1.02655 1.01431 188.094 0.3969 0.429016 
1.00021 1.01971 1.0133 189.263 3.21143e-322 3.21143e-322 1.00021 1.0197 1.01335 189.263 0.299952 0.3264 
1.00032 1.02274 1.01386 225.46 4.32456e-320 4.32456e-320 1.00032 1.02273 1.01394 225.46 0.428935 0.462251 
1.00047 1.02549 1.01432 224.574 1.9812e-321 1.9812e-321 1.00047 1.02548 1.01443 224.574 0.47696 0.512133 
1.00043 1.02422 1.01408 209.759 1.63042e-322 1.63042e-322 1.00043 1.0242 1.01418 209.759 0.417 0.450024 
1.00043 1.01684 1.00778 275.419 4.32456e-320 4.32456e-320 1.00043 1.01684 1.00785 275.419 0.400132 0.458576 
1.00082 1.0339 1.01537 275.94 2.53456e-321 2.53456e-321 1.00082 1.03387 1.01563 275.94 0.808677 0.846233 
1.00063 1.02657 1.01418 188.094 3.21143e-322 3.21143e-322 1.00063 1.02655 1.01431 188.094 0.3969 0.429016 
1.00021 1.01971 1.0133 189.263 3.21143e-322 3.21143e-322 1.00021 1.0197 1.01335 189.263 0.299952 0.3264 
1.00032 1.02274 1.01386 225.46 4.32456e-320 4.32456e-320 1.00032 1.02273 1.01394 225.46 0.428935 0.462251 
1.00854 1.14724 1.05454 2376.73 3.32506e-321 3.32506e-321 1.00854 1.14678 1.05847 2376.73 32.4246 19.0187 
1.01543 1.27374 1.08692 1752.21 4.32456e-320 4.32456e-320 1.01543 1.27222 1.09917 1752.21 47.4342 14.6993 
1.01447 1.18696 1.07747 1468.76 4.32456e-320 4.32456e-320 1.01447 1.18665 1.08208 1468.76 24.0981 12.6218 
1.00608 1.17378 1.09237 1678.47 2.16648e-320 2.16648e-320 1.00608 1.17324 1.09586 1678.47 26.3865 12.7413 
1.00893 1.19975 1.09022 1722.81 2.16648e-320 2.16648e-320 1.00893 1.19903 1.09568 1722.81 32.0938 13.9296 
1.00027 1.01233 1.0072 218.859 1.74405e-321 1.74405e-321 1.00027 1.01233 1.00723 218.859 0.225302 0.264969 
1.00049 1.02478 1.01432 219.303 1.63042e-322 1.63042e-322 1.00049 1.02477 1.01442 219.303 0.453277 0.499633 
1.00056 1.02426 1.01412 214.292 1.63042e-322 1.63042e-322 1.00056 1.02424 1.01422 214.292 0.43282 0.476383 
1.00053 1.02387 1.01407 214.324 1.63042e-322 1.63042e-322 1.00053 1.02385 1.01416 214.324 0.426193 0.469436 
1.00053 1.02389 1.01407 214.481 3.21143e-322 3.21143e-322 1.00053 1.02387 1.01416 214.481 0.426874 0.470197 
1.0006 1.01633 1.00954 309.744 4.32456e-320 4.32456e-320 1.0006 1.01632 1.00958 309.744 0.367425 0.450718 
1.00112 1.03288 1.01893 310.912 4.32456e-320 4.32456e-320 1.00112 1.03285 1.01911 310.912 0.743275 0.833022 
1.00125 1.03214 1.01862 304.137 2.42092e-322 2.42092e-322 1.00125 1.03211 1.01878 304.137 0.7075 0.793743 
1.00122 1.03161 1.01855 304.179 4.32456e-320 4.32456e-320 1.00122 1.03158 1.01871 304.179 0.696511 0.782577 
1.00122 1.03164 1.01856 304.39 2.42092e-322 2.42092e-322 1.00122 1.03161 1.01872 304.39 0.697725 0.783887 
