
poro1_ 1
 time: 1
-0.522041 0.107911 1.30662 1.00869 

poro2_ 2
 time: 0.5
-0.338532 0.0619455 1.1835 1.00262 
 time: 1
-0.554633 0.115415 1.31533 1.00963 

poro4_ 4
 time: 0.25
-0.119376 0.0171912 1.05846 0.999738 
 time: 0.5
-0.348733 0.0642507 1.1853 1.00273 
 time: 0.75
-0.509192 0.103595 1.28257 1.00764 
 time: 1
-0.571413 0.118961 1.31973 1.01005 

poro8_ 8
 time: 0.125
-0.0327814 0.00414892 1.01545 0.99981 
 time: 0.25
-0.121565 0.0177105 1.06041 0.999731 
 time: 0.375
-0.241475 0.0404325 1.12119 1.00068 
 time: 0.5
-0.359345 0.0666046 1.18769 1.00287 
 time: 0.625
-0.454574 0.0896397 1.2448 1.00555 
 time: 0.75
-0.519284 0.10578 1.28512 1.00786 
 time: 0.875
-0.55696 0.115212 1.30894 1.00936 
 time: 1
-0.575789 0.119984 1.32176 1.01025 
