2.59648e-16 -2.40312e-17 -7.9874e-17 1 1 1 0 0 0 
0.0601174 -4.76117e-06 -0.00443624 1.00896 1.00309 0.999946 0 0 0 
0.23907 -0.000115195 -0.0186164 1.0459 1.01752 0.999869 0 0 0 
0.525477 -0.000798528 -0.043234 1.12034 1.04755 1.00047 0 0 0 
0.902652 -0.00211927 -0.0787925 1.23537 1.09023 1.00274 0 0 0 
1.36577 -0.00245794 -0.133876 1.41643 1.15412 1.00868 0 0 0 
1.89138 0.00300402 -0.210249 1.67981 1.23669 1.01978 0 0 0 
2.47407 0.0247852 -0.316621 2.06672 1.34467 1.0388 0 0 0 
3.09365 0.0759442 -0.447252 2.61099 1.47456 1.06575 0 0 0 
3.73572 0.169292 -0.588986 3.34118 1.62195 1.09932 0 0 0 
